// 出現時間 id パターン数 出現座標x 出現座標y
// + HP割合 パターン数 (moveid bulletid ループ回数 発射角度 弾乱数)*パターン数分
1000 1 1 220 0
+ 0 1 5 1 1 270 0
1000 1 1 110 0
+ 0 1 5 1 1 270 0
1000 1 1 330 0
+ 0 1 5 1 1 270 0
1000 1 1 165 0
+ 0 1 5 1 1 270 0
1000 1 1 275 0
+ 0 1 5 1 1 270 0
1000 1 1 220 0
+ 0 1 5 1 1 270 0
800 1 1 260 0
+ 0 1 5 1 1 270 0
800 1 1 180 0
+ 0 1 5 1 1 270 0
800 1 1 300 0
+ 0 1 5 1 1 270 0
800 1 1 120 0
+ 0 1 5 1 1 270 0
800 1 1 220 0
+ 0 1 5 1 1 270 0
800 1 1 330 0
+ 0 1 5 1 1 270 0
600 1 1 110 0
+ 0 1 5 1 1 270 0
600 1 1 280 0
+ 0 1 5 1 1 270 0
600 1 1 160 0
+ 0 1 5 1 1 270 0
600 1 1 220 0
+ 0 1 5 1 1 270 0
600 1 1 330 0
+ 0 1 5 1 1 270 0
600 1 1 110 0
+ 0 1 5 1 1 270 0
400 1 1 40 0
+ 0 1 5 1 1 270 0
400 1 1 80 0
+ 0 1 5 1 1 270 0
400 1 1 120 0
+ 0 1 5 1 1 270 0
400 1 1 160 0
+ 0 1 5 1 1 270 0
400 1 1 200 0
+ 0 1 5 1 1 270 0
400 1 1 240 0
+ 0 1 5 1 1 270 0
400 1 1 280 0
+ 0 1 5 1 1 270 0
400 1 1 320 0
+ 0 1 5 1 1 270 0
400 1 1 360 0
+ 0 1 5 1 1 270 0
400 1 1 400 0
+ 0 1 5 1 1 270 0
200 1 1 400 0
+ 0 1 5 1 1 270 0
200 1 1 340 0
+ 0 1 5 1 1 270 0
200 1 1 280 0
+ 0 1 5 1 1 270 0
200 1 1 220 0
+ 0 1 5 1 1 270 0
200 1 1 160 0
+ 0 1 5 1 1 270 0
200 1 1 100 0
+ 0 1 5 1 1 270 0
200 1 1 40 0
+ 0 1 5 1 1 270 0
200 1 1 80 0
+ 0 1 5 1 1 270 0
200 1 1 120 0
+ 0 1 5 1 1 270 0
200 1 1 160 0
+ 0 1 5 1 1 270 0
100 1 1 200 0
+ 0 1 5 1 1 270 0
100 1 1 240 0
+ 0 1 5 1 1 270 0
100 1 1 280 0
+ 0 1 5 1 1 270 0
100 1 1 320 0
+ 0 1 5 1 1 270 0
100 1 1 360 0
+ 0 1 5 1 1 270 0
100 1 1 400 0
+ 0 1 5 1 1 270 0
500 1 1 220 0
+ 0 1 5 2 1 270 0
0 1 1 330 0
+ 0 1 5 2 1 270 0
0 1 1 110 0
+ 0 1 5 2 1 270 0
2000 2 1 220 0
+ 0 1 1 3 1 -1 0
-1 2 1 110 0
+ 0 1 1 3 1 -1 0
0 2 1 330 0
+ 0 1 1 3 1 -1 0
-1 2 1 220 0
+ 0 1 1 3 1 -1 0
0 2 1 220 660
+ 0 1 2 1 1 90 0